ALU

Error =

    0.4284


delay =

  165.8000


power =

    1.1348

______________________________________
S8

Error =

    0.4722


delay =

   74.4000


power =

    0.6369

_____________________________
m8

Error =

    0.5353


power =

   82.3000


delay =

    3.2135
