ALU

Error =

    0.5221


Delay =

  192.3000


Power =

    0.5861

___________________________________________

S8

Error =

    0.4722


Delay =

  291.7000


Power =

    0.4865

_____________________________________________

M8

Error =
    0.5257


Delay =

  374.5000


Power =

    2.6115